20
2
0 6973 4198 11357 1055 8548 5898 6804 10437 8455 2720 11239 7340 8934 1395 8954 10296 2974 4818 6353
6973 0 4345 5568 6748 2759 2895 1895 4648 2666 5503 5450 1551 3145 5854 3165 4507 4873 3629 1134
4198 4345 0 8729 3973 5920 3270 4176 7809 5827 2728 8611 4712 6306 3079 6326 7668 2098 2190 3725
11357 5568 8729 0 11132 4515 7279 6279 1154 4706 9887 542 5123 2569 10238 3279 2015 9257 8013 5518
1055 6748 3973 11132 0 8323 5673 6579 10212 8230 2495 11014 7115 8709 1170 8729 10071 2749 4593 6128
8548 2759 5920 4515 8323 0 4470 3470 3595 1897 7078 4397 2314 2092 7429 2112 3454 6448 5204 2709
5898 2895 3270 7279 5673 4470 0 2726 6359 4377 4428 7161 3262 4856 4779 4876 6218 3798 2554 2275
6804 1895 4176 6279 6579 3470 2726 0 5359 3377 5334 6161 2262 3856 5685 3876 5218 4704 3460 1275
10437 4648 7809 1154 10212 3595 6359 5359 0 3786 8967 1036 4203 1649 9318 2359 1095 8337 7093 4598
8455 2666 5827 4706 8230 1897 4377 3377 3786 0 6985 4588 2221 2283 7336 2303 3645 6355 5111 2616
2720 5503 2728 9887 2495 7078 4428 5334 8967 6985 0 9769 5870 7464 1601 7484 8826 1504 3348 4883
11239 5450 8611 542 11014 4397 7161 6161 1036 4588 9769 0 5005 2451 10120 3161 1897 9139 7895 5400
7340 1551 4712 5123 7115 2314 3262 2262 4203 2221 5870 5005 0 2700 6221 2720 4062 5240 3996 1501
8934 3145 6306 2569 8709 2092 4856 3856 1649 2283 7464 2451 2700 0 7815 856 1508 6834 5590 3095
1395 5854 3079 10238 1170 7429 4779 5685 9318 7336 1601 10120 6221 7815 0 7835 9177 1855 3699 5234
8954 3165 6326 3279 8729 2112 4876 3876 2359 2303 7484 3161 2720 856 7835 0 2218 6854 5610 3115
10296 4507 7668 2015 10071 3454 6218 5218 1095 3645 8826 1897 4062 1508 9177 2218 0 8196 6952 4457
2974 4873 2098 9257 2749 6448 3798 4704 8337 6355 1504 9139 5240 6834 1855 6854 8196 0 2718 4253
4818 3629 2190 8013 4593 5204 2554 3460 7093 5111 3348 7895 3996 5590 3699 5610 6952 2718 0 3009
6353 1134 3725 5518 6128 2709 2275 1275 4598 2616 4883 5400 1501 3095 5234 3115 4457 4253 3009 0
